100 1000
6 69 31 62 83 78 99 12 23 56 8 72 61 81 87 90 30 14 3 10 41 23 42 53 13 68 5 83 12 1 42 52 82 79 66 11 37 47 45 43 21 56 51 21 31 82 69 93 61 92 49 55 50 24 26 42 31 45 98 95 98 48 93 34 76 97 14 41 84 8 53 93 87 40 99 75 95 78 77 66 72 22 92 43 7 85 14 70 41 52 8 49 26 35 50 20 90 30 55 9
87 47 41 19 92 23 71 58 22 76 59 42 32 47 45 94 87 44 76 62 86 89 89 65 9 61 80 100 91 69 7 48 4 64 27 6 54 6 19 64 16 73 4 56 54 98 99 21 52 92 49 23 41 20 99 50 23 65 22 38 25 52 22 86 11 90 52 58 33 66 65 49 82 68 58 44 90 85 17 78 80 30 25 16 91 40 52 40 100 49 95 51 39 52 85 47 50 84 49 6
76 46 10 20 15 97 48 97 100 31 63 33 49 33 57 98 41 77 91 91 9 47 43 58 37 51 31 29 43 59 53 64 27 94 93 70 62 35 25 3 96 33 61 17 23 68 75 80 23 31 97 93 49 24 54 66 56 85 71 16 68 59 53 22 80 89 13 53 43 10 49 75 51 100 65 100 94 43 67 8 95 29 93 43 21 64 49 5 49 46 18 38 82 18 51 32 100 88 62 15
77 78 61 57 64 19 92 10 78 86 43 49 51 25 9 85 75 47 80 54 22 82 93 60 42 97 27 74 9 34 73 14 15 2 62 82 35 55 21 46 61 98 25 19 24 81 16 20 95 22 26 48 63 82 81 90 96 36 91 17 89 21 94 46 88 20 5 39 69 98 83 26 50 92 17 5 23 89 2 60 14 37 15 15 58 56 63 44 68 38 36 25 61 86 15 86 42 74 37 50
62 29 25 90 41 52 7 64 22 8 75 99 46 51 35 100 41 30 21 33 80 16 23 93 51 16 70 19 54 70 52 16 98 81 99 26 96 38 38 41 37 37 21 84 71 47 17 86 71 98 78 70 82 71 97 7 66 80 22 78 54 30 88 27 95 38 68 29 15 41 84 29 26 20 8 93 21 9 86 3 33 67 48 52 96 10 16 4 65 65 35 15 11 86 20 1 12 39 56 15
45 39 5 80 42 77 65 55 77 48 4 38 70 54 67 58 26 86 51 42 8 31 7 4 96 16 28 99 19 64 70 43 71 86 63 50 99 23 6 49 39 76 33 23 8 72 81 41 5 80 78 41 100 49 68 79 96 57 83 31 52 45 34 56 63 65 25 88 50 8 93 1 86 33 37 93 67 65 27 68 40 31 51 79 62 69 19 1 11 4 47 45 12 65 11 49 35 99 42 35
4 85 53 15 68 98 46 37 62 96 43 18 27 17 54 25 40 56 2 63 10 39 70 59 86 22 73 2 52 62 86 82 91 63 96 65 22 12 77 31 22 79 84 10 38 91 79 44 69 31 84 20 75 72 86 22 34 64 1 92 63 85 9 54 7 77 57 47 34 64 28 16 38 36 84 43 34 4 21 89 12 76 2 30 52 60 16 12 19 96 99 34 84 4 16 59 56 89 52 4
66 83 25 26 77 16 7 73 82 42 48 58 55 70 51 59 28 76 64 44 24 51 58 58 6 93 76 92 34 20 15 21 44 76 3 59 96 74 54 60 93 74 5 58 30 4 17 46 33 87 99 35 60 63 7 63 16 40 18 44 13 16 65 18 73 79 88 87 2 1 23 59 31 91 11 1 7 86 13 15 74 41 47 19 64 19 34 86 100 32 72 53 81 10 34 36 9 97 31 24
85 2 53 21 5 92 52 48 10 26 48 70 89 71 98 71 92 35 19 57 13 18 23 17 12 24 15 94 68 96 78 71 14 2 7 94 45 13 82 8 44 5 13 33 16 69 76 7 44 6 41 40 11 70 31 68 73 6 89 58 55 96 85 43 52 39 94 81 51 72 22 27 42 27 92 83 14 12 50 75 26 75 22 13 61 76 32 16 11 30 80 28 61 11 49 58 61 59 39 37
46 90 48 36 65 24 51 52 63 55 84 45 59 2 38 58 96 84 62 45 68 49 64 41 3 46 99 23 73 71 94 37 87 10 78 51 16 44 75 62 39 2 8 52 38 82 26 99 17 10 43 31 80 3 64 77 10 38 12 17 62 96 88 69 57 88 56 8 68 62 28 32 91 68 95 55 29 5 54 60 2 63 20 8 88 58 13 40 96 29 53 52 45 54 76 46 12 60 72 76
67 76 37 62 19 37 27 66 58 1 39 65 98 92 100 6 19 80 69 68 90 91 5 43 90 52 79 4 21 55 17 61 22 77 4 77 35 83 13 74 12 63 92 82 80 38 52 95 94 40 67 12 47 27 63 47 32 39 45 92 91 36 21 46 75 92 12 14 58 30 9 18 31 24 10 40 97 71 21 2 70 54 22 38 96 49 95 23 93 12 60 54 7 36 84 47 7 31 19 57
36 78 60 22 8 14 64 57 92 15 51 49 21 54 12 88 25 93 52 7 20 12 15 72 92 45 55 36 99 62 23 50 4 83 68 13 57 79 46 96 11 92 30 30 38 79 81 2 62 63 62 29 45 53 56 39 69 76 63 70 95 93 91 20 5 68 12 6 84 22 56 80 73 83 69 33 18 95 5 23 45 75 66 88 40 8 88 46 5 98 55 48 80 68 32 20 37 38 93 84
71 78 96 40 37 50 88 38 62 14 1 71 71 24 96 62 76 44 11 88 95 75 72 87 24 78 22 20 51 22 37 87 82 52 61 40 67 26 51 24 64 83 84 96 20 84 20 46 94 25 97 62 14 23 38 23 51 17 57 17 79 79 33 14 43 79 17 46 8 50 100 39 58 28 41 54 38 69 56 51 59 75 39 62 7 18 75 16 84 41 47 39 70 32 17 66 11 10 83 33
17 5 12 24 19 79 69 35 13 15 88 15 32 91 60 3 51 40 17 92 55 69 57 31 74 35 47 86 59 53 63 54 9 2 35 70 12 56 5 23 40 53 89 7 50 5 24 21 36 69 43 20 35 85 26 35 36 11 99 38 80 80 61 20 65 66 18 52 62 37 88 99 64 14 94 69 78 21 48 37 86 24 74 96 46 2 29 44 60 36 22 73 20 87 33 54 3 19 11 64
21 43 71 85 97 11 75 89 61 11 28 77 76 85 62 19 35 3 2 30 79 38 80 81 46 14 14 40 84 2 93 23 23 10 67 99 42 91 25 41 5 69 68 100 94 46 7 41 14 85 4 100 61 53 2 48 94 16 74 75 32 54 12 72 70 53 28 46 27 82 96 37 17 100 66 96 15 88 34 94 44 47 51 46 5 36 63 32 77 41 84 65 83 8 29 65 25 12 24 99
9 81 36 11 93 50 23 86 16 14 32 9 29 70 29 66 3 39 61 86 2 74 94 37 44 42 52 1 81 9 61 45 11 13 4 65 68 76 51 67 82 85 19 71 21 57 63 49 70 20 78 86 57 37 49 8 18 81 51 46 95 68 16 6 64 24 41 45 76 40 21 10 40 92 85 16 56 3 99 13 5 57 7 23 68 1 29 83 89 15 28 54 82 44 26 36 19 99 25 100
20 77 19 77 62 79 36 36 69 81 11 33 72 79 45 77 18 7 100 40 86 52 45 58 40 81 13 65 2 1 63 34 15 71 1 55 96 74 67 84 8 79 39 40 10 9 91 89 87 29 41 37 83 27 26 85 90 77 62 52 4 24 37 37 22 56 35 70 2 15 57 35 22 76 49 60 84 22 89 98 54 30 46 1 97 41 53 15 65 58 47 34 24 5 59 31 95 21 68 80
50 85 100 52 8 84 11 77 54 85 10 2 60 64 84 85 10 72 39 95 52 40 1 76 33 91 11 72 90 40 70 73 3 78 66 13 9 7 8 55 33 32 68 18 70 99 39 82 60 85 57 59 72 88 12 90 21 57 12 54 13 89 46 46 39 55 17 39 93 1 88 21 8 88 96 45 3 89 48 66 31 99 68 17 28 36 23 26 16 17 61 78 90 53 82 86 61 23 89 58
82 3 79 18 48 10 11 27 78 24 86 77 11 92 68 43 48 46 63 18 12 7 43 69 17 43 48 38 75 25 92 80 6 75 22 91 83 51 55 37 86 33 51 2 37 37 24 7 43 100 26 65 79 7 21 3 55 33 18 37 49 43 60 61 48 21 91 29 90 49 86 60 76 30 65 66 96 17 80 11 61 79 11 98 58 36 29 33 71 9 75 16 95 96 25 15 84 20 70 32
46 79 91 91 69 53 95 67 23 59 88 6 49 87 93 24 49 15 33 85 65 12 64 21 29 53 20 33 50 3 64 71 60 78 88 53 78 11 30 35 13 30 47 65 74 49 51 91 36 57 64 63 28 83 26 63 7 8 79 40 96 55 81 92 23 60 10 32 34 47 23 96 42 12 34 62 9 29 85 36 65 63 58 50 37 34 48 66 83 21 98 20 4 49 15 46 26 43 31 58
53 55 90 29 74 83 53 74 7 24 35 79 81 83 8 34 10 5 52 59 56 25 1 9 56 12 43 49 16 79 46 61 73 20 80 74 71 2 91 47 40 11 5 85 98 100 87 55 79 47 45 35 53 92 52 30 62 10 16 84 9 80 51 81 19 81 88 95 59 79 83 100 84 37 57 61 99 36 76 94 89 27 45 49 88 70 54 30 15 21 35 83 24 59 29 96 10 39 17 65
92 7 78 26 54 74 84 13 31 57 17 55 90 62 34 22 98 38 90 67 14 100 70 84 56 83 75 48 55 84 9 11 46 36 34 35 24 93 45 74 66 66 79 29 88 12 83 3 62 47 23 54 37 7 73 67 50 43 63 32 34 95 35 98 14 79 97 11 60 67 23 74 15 64 44 16 71 61 91 9 8 44 2 70 11 5 72 72 86 47 50 7 95 89 52 2 30 87 90 80
93 11 41 40 75 23 49 73 31 70 75 91 39 19 86 12 25 38 37 27 29 23 48 82 56 84 76 27 81 39 76 11 33 73 1 2 61 32 3 78 71 51 64 46 75 88 85 53 5 93 63 91 13 85 76 89 65 7 49 23 63 54 41 45 57 30 10 1 33 20 20 65 21 95 20 46 9 25 60 14 25 4 85 98 7 100 55 12 2 51 32 53 18 58 1 5 61 43 32 50
47 2 35 3 32 50 10 95 85 28 16 18 36 20 63 92 65 61 21 91 84 30 57 11 59 70 65 79 37 39 63 69 35 78 96 17 31 55 17 28 20 16 20 23 10 28 10 29 43 45 97 70 77 64 92 64 42 88 92 98 73 97 51 27 69 95 25 12 35 53 58 45 84 15 10 14 90 57 28 89 38 13 68 71 90 4 25 37 69 49 41 3 7 86 74 65 75 57 36 36
55 19 29 5 14 8 52 25 41 84 23 18 34 35 14 30 100 66 81 25 21 18 32 52 35 67 97 98 21 99 14 25 13 35 14 14 23 3 36 7 94 72 46 50 79 86 78 86 37 70 17 22 17 46 58 51 19 9 10 21 22 59 52 15 83 70 64 9 29 74 57 14 37 71 21 66 35 64 49 80 33 55 93 85 41 51 79 64 9 36 23 9 43 26 8 58 10 62 30 77
80 19 62 23 10 97 79 42 68 80 77 21 54 72 96 30 52 58 64 37 75 69 78 63 51 72 89 50 23 86 38 90 70 26 4 86 97 75 98 23 89 66 32 89 93 48 25 75 86 60 100 72 57 9 12 5 28 92 31 25 71 15 23 74 93 59 9 29 39 37 69 1 81 34 19 9 61 40 43 26 15 87 55 81 78 17 9 19 99 62 62 1 25 60 95 58 11 50 60 53
44 25 71 65 39 10 68 30 72 22 54 10 53 5 37 79 57 88 77 52 82 30 86 22 71 64 94 31 38 2 57 85 25 28 73 65 37 75 14 11 76 79 13 35 60 89 99 15 16 33 73 27 62 78 95 67 22 85 94 60 24 93 28 89 84 55 50 16 32 14 65 47 97 3 53 24 45 88 81 6 68 11 21 22 77 46 26 86 39 60 97 35 24 38 41 86 37 5 94 18
52 64 76 44 16 55 91 34 37 57 5 93 77 24 38 26 8 44 97 40 74 12 14 59 59 64 66 69 74 21 18 76 57 71 86 79 68 11 63 5 16 72 87 56 89 60 10 62 77 22 41 30 28 30 97 16 99 68 1 71 15 20 2 16 5 9 47 45 57 67 23 1 23 59 73 25 66 20 42 10 55 84 3 97 25 67 56 6 1 32 63 93 74 10 63 99 74 85 28 28
94 76 53 7 26 7 8 36 15 67 100 52 38 77 11 1 62 21 12 97 90 59 91 19 63 94 81 20 8 68 94 81 60 32 38 79 96 56 22 30 5 33 2 80 4 7 64 48 24 75 65 36 98 71 94 48 26 46 2 1 82 61 63 51 35 88 69 36 44 68 15 100 96 14 2 4 18 91 84 26 22 75 68 16 61 86 100 9 35 87 54 40 36 70 10 9 95 77 44 67
5 52 27 80 76 9 60 62 23 94 86 59 80 39 30 77 9 3 64 70 35 99 86 10 26 29 7 70 53 31 57 63 24 65 93 75 21 14 20 44 15 99 96 37 56 46 40 5 67 44 96 87 39 93 95 99 68 14 69 48 93 24 86 16 28 94 12 19 21 61 84 79 87 46 54 19 24 58 94 56 62 63 74 31 51 33 55 27 87 79 25 13 94 94 74 77 13 55 100 29
39 48 59 2 55 39 63 43 96 39 9 71 41 39 7 73 13 94 5 57 27 98 30 62 11 81 51 94 45 43 37 92 94 28 38 37 52 64 25 15 25 34 2 53 27 30 92 23 7 45 100 66 22 98 37 98 51 65 74 28 27 64 83 57 44 23 65 97 58 22 36 37 67 93 82 70 22 78 58 89 81 20 70 55 45 93 21 7 26 50 43 83 31 49 61 4 94 98 3 8
53 74 45 46 28 42 82 70 15 54 14 73 15 10 3 82 2 46 78 16 62 58 88 13 34 55 75 38 80 93 28 57 64 90 5 18 49 27 52 88 34 84 51 35 67 50 89 49 70 11 87 75 57 58 35 20 1 38 87 39 48 87 7 66 8 63 64 56 18 71 34 68 41 50 100 42 55 69 35 40 63 66 26 41 37 43 7 33 24 98 81 24 11 28 98 86 85 56 69 46
54 90 86 7 68 89 74 46 6 99 70 80 25 36 6 81 37 9 37 2 74 54 54 81 1 57 57 91 19 86 33 37 70 81 72 72 67 78 2 18 51 16 7 1 58 3 13 67 25 56 32 82 11 12 12 92 10 72 69 65 46 35 38 43 97 46 37 18 8 5 4 18 48 35 31 94 98 65 10 74 26 97 88 66 72 17 16 36 16 10 21 6 57 91 90 27 67 28 96 41
9 64 39 10 83 50 32 25 48 6 9 81 6 86 98 42 20 50 12 63 25 66 4 23 69 83 45 63 5 95 82 87 17 3 39 92 53 30 94 86 35 30 15 57 57 57 82 91 33 75 38 41 38 89 32 74 23 100 98 24 39 45 25 51 96 96 32 67 28 74 27 54 27 35 81 41 54 63 59 50 4 50 31 34 45 39 58 16 20 5 40 11 64 91 32 84 62 18 13 45
88 37 91 6 25 34 47 15 9 33 27 98 74 6 11 98 68 33 100 20 99 69 86 10 59 62 36 34 92 16 81 18 79 43 78 31 75 67 54 50 36 70 17 48 82 46 38 24 42 88 51 31 58 55 32 87 98 11 57 26 42 38 36 8 51 99 26 87 23 95 35 41 73 37 62 16 66 25 70 37 38 94 76 79 6 11 24 18 74 56 50 46 53 81 2 71 79 62 71 89
1 90 52 13 74 48 54 79 33 10 83 89 83 44 16 43 100 87 70 28 83 23 56 71 40 64 14 86 67 5 48 20 24 36 39 39 93 37 6 81 41 55 34 91 14 12 93 60 15 28 76 41 38 10 92 45 50 94 56 98 37 47 84 31 99 77 14 93 7 21 66 14 44 69 38 87 64 53 6 29 48 35 15 57 36 57 47 70 39 62 71 40 80 82 35 80 34 41 90 38
68 67 51 78 6 10 76 41 52 95 23 85 64 24 34 94 87 43 91 63 93 76 89 87 10 27 99 48 47 74 64 6 72 39 54 84 13 30 79 93 71 51 20 67 27 51 41 71 9 82 64 21 46 32 58 35 76 74 57 63 69 11 13 47 68 65 31 72 91 37 27 17 46 6 46 41 77 8 17 50 96 28 71 62 24 16 29 14 4 96 89 13 8 6 48 71 48 21 22 53
82 6 72 44 37 56 22 34 12 24 63 93 28 13 48 29 93 90 29 69 75 83 81 66 43 3 96 3 47 19 7 20 42 48 18 47 8 76 77 18 86 100 81 75 58 14 14 74 57 79 31 71 46 13 86 10 67 39 21 23 75 25 38 53 12 68 66 90 44 20 77 52 98 41 10 14 23 73 17 23 32 98 98 44 100 48 90 40 50 18 79 27 81 30 83 95 88 93 27 80
48 82 81 55 2 55 58 50 45 86 45 52 1 2 52 46 15 31 94 69 64 14 53 74 15 52 51 35 30 7 1 33 12 71 14 62 53 63 18 40 66 98 32 9 40 86 29 62 95 38 65 22 87 16 77 13 75 97 88 65 31 73 29 16 74 81 40 8 86 92 20 17 98 15 11 37 26 66 16 31 46 80 13 69 8 28 9 6 46 15 54 94 66 4 94 94 10 16 72 68
16 33 82 14 89 85 22 72 94 33 11 28 9 85 71 53 73 24 36 76 63 65 17 73 76 82 96 11 22 24 46 26 50 64 20 94 68 68 9 33 57 19 82 84 17 59 97 39 36 76 35 99 52 65 99 5 73 6 96 4 6 86 64 70 93 7 74 98 30 5 84 5 3 29 67 89 73 90 2 12 73 38 4 43 28 61 72 11 19 79 57 59 64 84 56 1 46 69 41 27
62 53 15 75 8 4 60 93 35 50 22 87 21 89 93 2 77 5 11 45 47 43 92 17 15 100 21 86 7 66 29 48 99 73 90 41 100 14 41 100 11 28 94 70 76 10 43 21 88 50 32 34 75 91 48 27 57 92 67 13 65 69 41 26 57 26 33 21 3 54 85 54 10 84 3 96 34 90 24 45 76 78 80 84 85 1 71 42 61 63 69 79 18 13 78 17 82 54 68 1
57 4 98 42 58 55 76 42 60 44 13 32 5 56 76 37 72 81 79 83 2 46 21 81 18 16 8 96 97 70 57 30 79 60 32 98 64 72 56 60 93 97 30 74 80 59 71 86 7 80 44 40 27 86 43 31 47 17 71 69 57 89 33 96 44 15 59 56 61 52 84 65 11 39 82 69 99 100 91 61 24 45 90 33 83 32 21 69 99 27 65 49 67 3 59 25 55 16 76 41
25 10 51 95 36 51 22 14 12 3 67 50 51 27 42 46 37 23 17 23 51 20 86 37 85 77 57 47 73 10 85 98 80 26 79 75 74 36 17 91 58 52 46 74 22 53 45 10 36 84 34 5 98 75 8 69 95 78 38 85 44 1 85 24 31 90 87 59 77 24 37 74 98 88 53 96 86 56 81 88 35 77 58 52 73 59 27 68 15 42 51 83 88 18 76 8 32 2 46 38
74 24 32 57 26 7 19 87 10 58 41 72 52 73 96 26 78 46 89 53 63 57 51 17 51 92 50 53 72 11 39 22 94 96 18 16 81 27 21 84 67 69 33 66 73 94 4 72 25 14 43 97 50 44 83 66 5 3 100 96 36 54 23 86 16 96 16 91 39 6 34 18 37 89 71 41 89 56 27 32 53 75 96 32 81 1 33 11 21 99 81 90 95 11 67 32 52 100 69 6
60 46 72 6 16 40 7 10 86 47 60 51 51 86 47 44 69 81 87 59 17 10 69 10 30 100 32 29 91 62 43 40 54 7 51 84 95 79 32 71 21 19 15 65 77 34 41 3 9 31 98 70 2 2 36 93 65 26 81 60 57 22 64 59 31 85 13 62 34 87 40 91 72 1 47 35 64 32 36 56 15 55 5 98 100 23 56 17 7 93 79 92 54 3 70 63 32 99 89 34
38 97 39 28 30 95 86 28 59 67 30 71 19 55 100 35 94 34 38 71 70 55 94 67 6 25 40 49 80 78 60 32 33 5 83 21 80 85 85 65 96 83 74 60 84 41 76 98 71 31 49 29 88 48 14 44 52 39 88 74 42 46 23 98 57 79 65 70 66 78 56 67 34 74 56 76 72 15 23 64 90 41 53 31 33 49 96 20 55 15 40 99 30 11 34 72 20 82 55 7
99 29 50 46 62 43 91 98 90 17 85 85 4 94 29 35 39 29 93 82 22 78 36 68 34 23 33 1 84 42 100 2 10 22 100 58 69 98 81 91 13 93 38 7 65 31 82 1 22 26 55 12 49 86 42 68 31 14 1 21 90 50 45 3 56 13 15 86 57 73 32 16 30 95 21 3 88 21 51 36 23 36 93 92 72 71 56 31 38 61 27 87 70 77 48 22 62 26 10 48
36 96 9 59 62 39 14 30 8 88 69 57 93 26 55 63 53 74 71 16 55 33 53 32 45 64 56 36 8 30 4 59 4 47 74 74 73 45 86 59 10 42 86 27 88 70 7 91 100 94 29 54 39 12 83 44 70 98 7 35 62 16 53 86 74 30 60 89 33 59 23 15 42 70 83 12 42 12 99 71 85 40 43 52 38 53 17 94 73 25 85 41 38 63 33 84 90 65 66 97
47 49 52 70 75 83 2 40 86 98 20 39 97 39 41 59 67 97 42 21 1 22 1 44 2 37 15 35 9 76 24 25 52 78 91 54 20 83 66 89 36 98 14 93 33 64 57 11 48 87 55 17 93 34 56 20 37 61 51 2 67 92 88 8 31 69 53 17 50 81 58 21 56 13 43 32 9 90 20 86 56 20 92 96 10 48 11 98 27 69 48 84 1 44 69 23 69 18 16 25
1 72 9 98 83 50 9 77 50 82 38 24 13 46 15 19 82 100 46 27 85 34 24 53 1 84 18 10 25 49 71 36 100 38 46 40 35 15 3 94 47 55 87 56 43 36 68 11 36 41 99 83 57 39 8 64 22 99 7 1 46 3 88 72 99 8 6 29 53 21 88 61 85 43 2 27 9 60 35 70 1 60 3 24 45 52 81 95 31 11 85 71 73 70 82 59 82 2 60 53
70 91 14 17 35 97 37 51 71 15 30 76 81 31 8 77 46 93 18 5 75 89 15 55 68 47 80 86 79 61 18 19 55 67 80 22 37 90 23 79 40 43 58 79 87 53 100 38 56 95 41 33 60 13 46 68 6 80 12 91 56 77 89 81 70 53 9 95 38 25 84 71 76 24 29 82 97 98 78 39 4 79 62 42 24 82 48 75 18 37 80 88 65 25 59 5 5 56 49 78
82 84 17 22 15 32 73 42 12 2 31 44 88 100 38 77 48 39 84 53 16 5 56 87 69 61 57 18 36 27 1 54 39 84 41 31 60 91 81 76 100 82 98 100 6 100 2 79 29 44 68 100 29 82 58 42 25 6 38 91 74 20 91 77 96 29 58 41 99 10 42 69 3 8 73 45 65 32 30 19 99 24 79 8 40 16 12 87 70 57 77 7 29 57 92 94 9 27 12 32
60 36 23 61 84 20 97 6 53 16 18 69 94 93 53 37 8 11 56 84 6 83 89 78 54 35 30 8 91 61 5 48 45 90 54 91 11 41 81 27 83 74 79 20 67 52 30 46 65 85 7 100 86 34 5 29 81 72 3 34 4 80 37 38 20 14 74 27 48 20 5 31 92 73 16 24 56 8 30 5 63 31 29 78 33 46 36 49 56 63 94 95 13 49 2 79 61 90 19 82
92 78 62 83 43 36 40 57 21 43 50 85 56 63 95 17 22 19 61 81 87 38 76 49 35 92 76 44 59 74 86 54 14 83 48 74 31 88 75 29 21 89 65 73 79 95 17 16 30 82 40 19 90 26 100 89 11 75 14 2 20 60 41 28 99 56 21 67 48 70 95 67 87 44 20 31 20 40 77 92 72 45 45 27 15 88 63 36 23 44 84 3 17 43 39 44 98 100 19 9
37 33 71 97 51 10 40 14 1 61 64 38 76 19 12 82 34 46 55 79 46 95 15 73 52 67 17 36 58 81 14 9 87 49 50 58 33 84 25 3 1 48 44 64 76 25 69 73 84 84 26 25 38 18 44 91 68 77 65 61 74 87 47 85 51 72 93 53 32 20 48 10 69 85 88 71 100 97 11 59 14 48 10 87 86 61 60 42 61 12 59 92 81 29 86 61 43 5 90 71
8 86 99 33 52 32 5 45 80 12 67 85 59 87 55 42 10 37 24 79 60 85 8 11 11 40 55 7 27 81 36 55 11 24 77 17 21 62 100 8 87 83 31 7 22 87 37 41 42 27 89 93 41 71 11 66 9 41 24 18 28 19 89 93 50 66 67 45 66 33 60 59 11 36 54 17 43 66 67 61 21 23 14 58 86 40 64 8 11 58 15 72 72 17 57 36 78 100 8 44
34 64 51 40 72 73 69 20 70 59 98 27 36 66 71 91 2 38 15 56 83 20 85 56 62 96 79 18 51 47 72 89 70 18 80 18 94 75 58 44 97 94 30 57 73 47 30 18 68 42 19 52 66 4 16 43 47 98 3 45 73 95 62 13 69 16 41 64 30 77 47 1 68 28 54 92 96 20 100 39 93 1 32 63 83 55 100 70 58 87 72 15 51 77 97 38 39 2 78 79
42 46 64 83 89 42 1 14 60 38 40 8 94 70 13 28 77 31 86 42 4 33 94 22 29 37 16 86 23 26 3 15 10 96 89 91 77 70 18 80 13 41 12 39 26 98 26 32 79 96 88 61 31 39 95 96 80 39 8 1 14 100 64 91 66 18 57 82 51 27 17 23 80 52 65 67 23 83 16 28 87 40 36 20 44 43 57 57 34 66 97 84 68 30 81 41 80 53 18 33
100 44 75 12 90 92 23 64 37 90 84 22 1 27 44 10 99 19 85 5 32 33 58 25 77 95 36 10 10 4 30 60 79 94 75 58 26 44 5 96 76 5 55 26 4 62 48 11 84 90 64 93 54 57 49 27 8 4 5 37 71 50 33 91 69 6 41 52 85 54 11 89 23 27 90 41 94 10 47 28 99 24 64 11 42 96 61 52 11 81 94 73 99 6 77 98 55 94 91 80
17 77 42 33 81 89 65 96 31 63 26 52 60 33 88 76 40 45 22 66 15 78 56 83 62 99 38 62 88 7 53 5 26 3 30 19 96 86 93 33 10 87 25 51 72 37 56 95 9 72 15 33 76 95 30 5 40 31 40 6 98 69 56 27 23 10 2 20 63 30 78 92 12 31 76 85 18 12 51 11 36 66 5 46 21 39 68 36 68 90 33 64 43 66 65 29 32 21 15 5
38 60 61 46 1 71 37 22 17 67 72 30 29 100 37 100 89 11 12 41 8 54 64 48 85 58 58 89 50 61 91 59 90 64 33 55 99 84 85 100 33 57 92 13 6 20 96 35 39 47 95 54 43 29 68 25 41 83 16 71 19 52 88 20 28 54 25 11 97 14 89 76 93 83 93 73 47 39 97 59 10 70 62 12 33 17 53 77 36 42 24 8 56 5 52 41 45 12 71 9
9 5 67 64 88 1 98 68 30 39 71 64 49 76 34 89 26 8 73 99 67 4 94 86 62 47 65 18 40 96 100 25 82 80 57 62 61 22 69 25 99 79 23 62 44 13 87 6 16 16 76 97 80 93 48 15 91 25 76 89 85 92 91 27 64 98 36 73 4 87 62 71 92 17 43 68 26 68 66 60 10 50 98 36 41 96 28 38 18 37 66 71 74 95 73 30 34 1 19 6
1 43 1 41 78 43 51 3 90 62 72 49 20 52 22 9 67 5 78 64 20 38 42 7 67 78 97 84 5 1 51 35 64 89 34 87 41 92 30 98 44 19 24 26 55 74 27 82 53 6 44 84 86 63 1 54 14 55 50 48 72 59 20 75 67 55 1 99 75 61 48 61 45 16 80 9 8 48 69 14 80 53 82 42 6 69 36 20 40 100 67 99 8 26 19 56 45 91 50 64
32 17 88 24 33 53 64 38 89 14 39 30 71 4 58 30 64 40 34 93 83 39 90 32 88 65 100 46 11 10 1 33 28 95 34 31 82 16 17 75 60 14 24 5 63 26 22 15 14 87 92 1 79 15 89 11 4 12 61 68 27 36 89 59 19 19 23 86 34 18 62 74 60 88 86 82 36 65 49 27 83 4 90 92 56 90 27 51 5 25 81 95 53 67 45 78 18 97 43 87
67 82 6 98 57 11 30 19 90 32 32 59 6 10 47 50 88 69 24 22 36 54 10 8 16 22 34 100 100 15 4 66 15 18 15 18 33 63 31 11 44 47 93 37 44 100 30 73 79 36 55 73 76 27 20 73 54 26 54 40 28 84 76 98 60 18 11 31 75 89 96 58 2 45 53 8 71 65 25 6 25 22 28 44 68 52 92 25 89 51 21 81 29 8 76 24 73 55 88 64
88 57 92 1 75 29 99 22 46 65 16 55 27 22 79 82 5 88 62 67 31 14 96 3 23 39 28 74 4 76 100 16 81 51 36 49 42 4 3 45 2 57 55 30 27 14 56 67 89 81 13 18 89 29 75 78 40 1 87 99 66 58 8 45 54 55 81 44 29 58 65 12 64 9 19 83 59 74 7 36 56 84 95 69 13 18 69 16 86 31 69 36 17 19 71 100 85 59 99 57
11 44 53 86 64 27 1 95 66 14 85 47 3 44 92 38 39 37 68 37 87 33 97 97 92 82 57 96 6 70 90 100 20 42 75 23 82 86 96 87 5 78 69 95 4 72 15 41 29 48 60 44 68 59 81 69 85 60 70 69 6 94 66 55 27 73 34 93 51 48 15 6 38 90 60 89 72 2 31 66 47 83 32 100 1 92 73 20 68 48 96 21 2 70 1 27 43 7 12 1
59 53 13 11 54 15 47 48 55 81 45 73 77 14 32 90 66 68 80 8 85 61 61 74 80 55 79 20 94 24 46 41 57 81 63 67 89 58 65 48 6 28 36 61 97 49 78 42 95 44 33 24 54 34 69 32 24 77 84 29 8 2 7 70 16 39 92 2 47 65 8 78 74 73 38 7 90 98 23 92 49 100 81 99 14 55 72 60 58 33 34 78 25 40 29 54 35 29 43 24
82 87 89 93 11 25 86 12 84 44 23 33 45 76 59 15 92 90 64 6 22 6 24 93 1 41 31 58 13 50 15 68 81 25 27 62 42 79 19 11 40 68 12 85 14 29 11 13 37 51 3 10 76 95 52 12 6 75 90 18 2 35 64 18 39 89 100 76 37 89 74 97 3 23 60 13 12 80 81 31 82 52 55 40 25 30 58 62 8 34 43 72 5 20 67 2 13 28 45 40
24 46 69 87 37 99 85 37 76 55 74 43 98 71 16 80 6 81 23 41 3 29 94 93 63 53 6 89 49 69 87 35 8 89 66 96 46 76 33 16 81 25 70 48 96 4 27 86 9 59 4 94 99 9 4 39 71 40 45 41 74 11 41 60 26 89 38 95 66 29 51 24 44 23 75 13 84 76 51 17 81 1 9 24 58 69 23 1 7 97 36 15 40 91 79 21 54 29 70 13
74 36 8 100 95 34 19 7 95 19 89 31 37 5 86 11 11 36 14 33 92 88 11 35 65 17 33 30 40 92 98 13 79 33 56 20 75 64 31 93 80 94 34 14 52 79 44 79 86 30 22 7 52 48 29 82 19 1 44 77 72 47 87 91 25 31 79 37 40 90 44 33 37 69 64 36 33 88 51 49 47 54 98 5 18 96 24 50 9 88 17 80 38 72 96 13 54 85 90 57
75 42 73 58 56 4 23 92 37 28 41 53 53 75 35 3 81 24 30 30 52 18 4 60 88 91 93 44 52 48 92 68 18 3 18 97 65 74 15 12 73 75 15 30 2 61 99 15 2 49 50 94 31 7 11 80 77 8 20 53 99 27 97 31 63 18 24 29 26 80 75 59 64 61 84 97 31 84 6 93 36 46 30 2 12 17 86 69 34 23 84 49 5 12 96 40 49 89 6 68
57 90 37 24 81 12 6 50 62 8 6 100 41 26 85 39 84 25 10 74 4 1 77 41 29 23 87 66 3 28 52 34 100 81 43 93 75 83 74 20 83 27 20 26 46 49 19 5 51 86 25 97 69 62 71 40 13 39 64 80 7 40 40 62 88 60 12 65 91 68 62 1 37 48 12 5 58 95 90 7 42 16 2 23 30 9 86 14 33 85 63 38 79 12 19 21 41 51 97 14
11 91 73 14 8 60 89 18 85 3 42 66 99 59 97 9 27 29 78 38 14 44 87 31 91 90 29 56 85 31 93 35 21 4 97 88 56 17 4 44 10 31 10 1 94 25 68 92 83 26 22 61 3 19 51 51 96 70 37 35 35 3 63 15 67 47 15 15 100 18 96 96 61 38 56 33 71 84 1 37 73 43 40 90 88 62 54 49 12 18 55 56 84 3 19 3 29 39 18 11
26 80 72 73 84 43 9 16 11 40 59 76 47 38 48 26 63 85 2 84 45 39 66 2 74 99 82 95 18 47 84 28 3 86 96 2 50 89 82 57 4 39 62 11 34 74 79 63 55 23 4 63 46 12 47 15 58 59 22 45 8 53 97 21 11 86 52 85 71 1 19 57 5 20 15 9 64 35 98 58 25 57 3 92 67 29 64 68 30 89 95 34 18 93 18 91 99 63 69 22
15 36 55 23 32 59 55 25 71 80 72 24 95 89 58 92 95 25 61 60 9 20 15 4 10 60 70 48 65 9 36 87 85 100 21 61 91 23 93 46 9 32 23 91 40 93 93 38 42 92 19 72 92 83 84 86 14 67 44 39 25 88 76 91 53 15 19 58 15 51 94 84 1 34 49 12 29 41 77 14 49 2 56 79 39 46 68 78 81 76 4 79 55 13 69 62 65 46 75 75
19 26 53 26 60 42 98 77 47 92 87 8 83 2 91 70 81 90 45 3 65 92 84 53 61 69 9 14 4 1 39 30 5 96 52 45 93 66 13 39 60 31 52 15 74 15 96 80 37 54 63 54 5 57 34 23 43 99 24 30 97 19 59 65 48 72 30 40 15 55 42 90 100 15 54 3 7 60 72 12 47 52 28 88 73 51 37 60 11 14 22 8 41 42 74 65 94 50 12 35
73 26 47 90 88 23 9 47 91 27 10 75 79 25 7 77 22 78 91 100 84 77 100 31 85 59 61 98 27 63 35 70 56 69 18 6 1 43 9 19 32 96 12 29 42 38 65 50 13 43 56 67 41 24 96 11 23 19 70 84 13 29 58 4 76 91 21 96 51 12 39 21 74 27 35 90 91 97 93 78 42 92 23 24 68 11 10 33 36 45 12 27 23 15 65 57 19 46 41 57
24 76 71 35 91 15 49 96 100 100 35 37 31 98 10 15 49 92 63 24 78 43 22 77 93 95 97 47 69 87 71 73 59 4 55 54 95 21 70 72 22 28 53 89 14 30 91 14 94 96 73 14 13 60 33 75 87 23 98 22 5 12 86 91 77 10 52 29 86 64 6 78 42 4 69 54 2 100 21 84 5 60 32 14 41 75 50 7 1 69 28 83 75 34 61 68 19 69 14 72
70 62 100 98 49 48 93 53 7 26 22 57 38 25 75 33 56 88 74 55 8 2 28 24 69 82 79 92 26 91 67 99 82 20 28 53 91 44 52 41 96 7 60 78 83 70 29 75 37 83 35 85 11 86 21 36 32 84 88 92 31 96 95 45 45 51 16 86 62 11 14 81 68 27 12 95 81 12 39 68 9 10 49 7 97 48 15 75 19 65 38 62 23 58 26 55 62 57 64 7
9 65 24 17 84 72 43 37 68 2 10 65 59 50 51 66 50 57 10 54 40 15 94 45 94 71 2 68 80 90 29 78 33 64 49 49 82 73 1 67 6 12 55 45 33 12 80 48 85 97 77 67 94 2 50 23 71 96 63 2 61 24 99 73 79 45 12 62 99 19 72 68 3 40 73 54 24 19 71 28 75 86 26 45 68 80 48 10 89 83 6 96 56 35 84 66 94 63 88 64
59 55 37 5 37 51 79 43 18 64 6 37 3 96 27 59 45 15 73 59 86 15 88 28 82 57 96 78 14 25 57 8 21 53 42 22 61 36 54 47 21 32 19 48 93 11 44 50 46 76 53 67 93 44 42 16 85 27 82 5 40 67 53 89 100 9 53 69 26 71 23 99 25 40 38 25 7 74 25 69 66 16 90 78 20 33 88 39 62 64 93 35 91 16 39 14 26 55 24 33
78 28 16 37 37 90 10 34 59 94 94 55 63 56 50 50 51 55 73 38 68 76 56 35 59 14 26 34 4 39 43 81 98 41 38 100 54 52 4 29 41 55 77 11 75 46 23 85 10 96 36 56 26 36 58 81 66 47 8 37 100 62 89 74 33 56 87 67 49 75 63 6 3 19 28 13 40 71 1 51 40 43 15 81 17 54 89 76 87 20 8 85 13 58 26 5 46 28 59 23
24 56 42 15 62 65 13 27 83 95 33 96 58 91 93 49 15 77 70 49 20 70 84 42 37 95 47 25 40 67 43 7 73 73 38 8 3 34 9 39 60 49 55 59 42 49 86 15 56 28 81 17 78 12 38 60 79 51 42 8 44 80 24 54 32 73 96 64 63 66 61 93 69 71 12 30 22 65 100 15 50 58 11 64 71 11 91 85 52 90 97 41 68 37 11 3 27 10 26 54
44 75 46 2 22 40 36 46 36 22 8 34 72 96 48 88 23 65 84 36 99 5 76 41 95 27 70 72 22 24 87 85 74 33 58 86 21 8 5 72 17 32 53 39 25 64 97 21 54 3 55 13 21 7 63 94 83 98 36 94 48 12 23 20 81 46 36 36 96 54 51 16 15 4 76 87 32 83 16 19 35 58 21 32 18 2 16 76 31 35 79 74 74 70 14 62 89 41 22 35
82 36 81 47 9 93 96 41 10 32 57 62 96 69 36 79 45 65 23 38 58 66 55 7 47 21 89 80 34 73 19 100 18 74 43 38 61 20 81 25 50 47 76 47 46 31 8 24 52 53 94 42 23 18 35 9 54 86 77 77 34 90 39 45 8 23 44 51 15 86 5 91 77 59 27 3 64 74 64 75 13 86 64 73 71 2 99 74 17 83 88 95 69 17 25 58 58 89 88 50
43 16 39 6 69 85 21 100 81 23 39 68 1 82 28 80 39 14 3 75 37 25 7 74 29 86 11 17 79 63 60 26 84 49 100 24 91 67 19 92 60 41 17 75 50 99 68 52 9 6 53 53 65 26 74 47 16 25 87 29 6 23 25 45 67 84 21 60 95 92 41 98 20 16 45 96 52 62 51 98 90 95 10 29 75 21 61 71 71 62 22 89 94 45 6 86 27 87 1 88
84 53 75 23 11 18 45 17 54 65 81 88 19 99 38 74 53 64 51 66 13 40 5 59 46 16 62 29 96 17 91 38 43 99 36 78 52 40 60 62 1 52 44 1 48 74 24 13 62 86 67 15 73 35 25 62 94 29 92 38 32 61 81 32 82 9 95 50 81 4 56 30 38 69 32 7 52 71 86 89 69 41 21 51 86 1 77 86 53 34 13 60 20 6 86 84 30 64 6 4
21 80 41 40 48 24 67 81 5 62 59 22 100 27 23 53 57 30 19 22 36 70 65 73 26 87 59 91 100 15 86 36 64 50 34 34 22 87 43 25 46 89 60 28 5 99 61 82 46 17 97 86 46 65 16 27 43 89 48 23 57 6 3 23 58 51 97 39 53 70 19 4 40 12 9 23 72 65 93 76 97 31 77 52 74 9 19 77 23 97 90 87 15 39 1 26 82 98 26 18
67 59 41 90 38 51 2 65 22 72 7 72 32 75 40 30 45 19 30 5 18 61 97 75 48 68 45 65 83 94 27 36 78 33 74 64 82 6 55 26 59 2 69 54 36 76 63 86 26 98 84 16 45 77 44 17 68 40 13 43 64 37 1 39 70 68 37 2 18 58 63 26 40 12 38 23 78 82 85 63 48 16 95 38 23 19 33 12 67 55 52 72 29 36 54 32 64 73 20 52
42 21 24 66 82 29 93 73 86 76 15 86 21 66 1 20 80 35 17 89 21 70 28 13 96 42 23 27 44 9 15 27 68 42 4 52 21 53 9 65 98 62 88 75 28 55 75 33 39 95 22 44 8 41 68 27 36 20 15 86 58 14 98 77 77 77 17 77 1 63 41 27 17 68 85 37 62 32 68 34 71 35 6 56 63 82 35 90 83 20 87 92 38 5 81 65 52 16 22 55
91 10 3 63 55 64 37 77 41 73 6 61 57 87 45 100 95 74 65 85 88 74 7 46 2 71 82 92 77 48 50 1 69 100 88 100 20 48 44 33 42 85 66 100 97 69 82 93 98 96 21 22 39 79 82 19 92 14 19 63 89 79 54 11 81 28 40 43 65 42 15 18 77 43 25 68 9 95 7 68 34 54 68 28 22 65 85 41 100 45 15 54 93 74 21 57 23 21 56 23
81 62 37 35 12 21 25 80 59 53 32 38 24 15 89 31 80 48 40 89 96 47 26 48 24 59 52 78 1 74 46 42 47 34 12 29 12 98 80 1 44 14 20 7 62 48 90 37 72 76 40 46 9 44 63 91 56 11 51 10 85 48 21 56 19 97 25 15 6 29 74 40 98 55 18 84 78 38 27 72 22 31 36 42 29 35 95 12 35 28 9 37 72 41 26 94 39 69 14 70
41 14 16 29 91 57 78 37 7 36 40 41 83 14 32 71 15 78 10 23 62 70 22 25 45 29 91 20 84 61 25 98 62 69 40 16 8 12 81 93 14 24 89 66 95 51 41 74 59 85 84 11 27 71 19 34 19 60 93 20 91 2 4 44 82 40 54 35 72 52 50 37 39 56 29 74 79 36 87 100 30 29 32 24 58 96 43 97 39 4 72 39 18 45 61 17 83 16 58 9
92 18 16 85 42 76 65 29 89 8 73 20 82 12 3 8 30 38 91 24 72 32 89 78 48 19 37 5 55 52 28 19 98 56 34 26 95 89 4 19 39 2 51 80 46 92 3 17 64 13 2 46 57 99 14 46 45 58 23 71 95 13 10 97 27 42 88 95 86 72 64 66 68 81 55 83 7 53 34 7 81 35 83 57 76 72 53 71 27 17 60 71 37 72 65 30 60 79 55 40
27 17 74 41 31 21 53 68 32 52 39 33 30 46 95 14 17 87 98 11 74 84 93 91 37 83 90 45 16 35 34 60 46 83 15 33 27 87 28 50 88 1 94 82 95 12 33 7 62 25 37 70 42 75 11 9 88 29 73 76 54 74 23 21 3 59 40 72 56 43 20 91 66 29 83 22 43 69 10 65 6 74 32 63 82 12 72 45 37 40 41 71 84 30 9 70 88 93 40 16
96 17 66 94 20 44 94 79 32 87 70 8 56 40 86 12 42 23 37 31 46 32 79 8 29 30 17 30 38 80 97 61 7 83 54 7 69 53 20 7 24 85 85 39 69 48 42 82 34 91 26 90 32 79 7 96 77 67 6 49 19 9 37 98 22 45 89 9 44 14 44 55 49 44 52 56 81 33 18 94 99 10 33 18 38 36 73 37 69 14 45 11 97 29 73 18 43 25 22 84
24 44 91 99 71 60 99 23 79 41 42 95 28 46 7 95 20 53 35 70 33 98 59 55 82 62 86 16 26 35 6 6 57 25 42 59 61 95 80 89 71 91 58 21 74 27 57 18 68 23 78 65 1 19 4 17 98 80 38 69 79 92 26 56 38 8 62 27 93 53 16 24 17 43 5 42 26 22 4 99 21 68 6 43 44 4 75 7 11 52 90 23 82 53 40 99 67 96 80 96
45 95 69 92 43 6 92 12 66 16 21 75 71 82 39 48 77 73 70 71 8 22 51 77 18 41 68 91 37 88 87 36 93 58 99 24 39 49 68 34 92 25 4 3 99 87 22 87 48 16 64 44 8 51 88 14 96 42 22 13 26 44 99 33 94 18 41 74 56 15 63 82 15 17 70 27 22 83 64 11 9 34 48 75 17 32 92 8 17 41 31 94 93 42 11 39 33 18 3 32
9 97 23 6 88 39 66 61 13 31 74 35 1 68 25 69 25 40 52 63 63 56 49 59 76 23 88 86 1 97 35 34 67 52 100 40 20 60 94 95 64 2 67 44 35 47 37 78 46 74 23 91 91 56 76 70 31 97 77 15 91 8 63 61 38 3 85 16 11 18 22 100 49 91 31 99 16 53 11 52 98 7 51 13 34 95 83 59 81 32 72 79 2 91 78 6 34 30 92 74
51 100 86 77 16 42 92 92 65 42 39 49 7 46 46 35 83 51 85 90 53 77 24 12 47 94 85 39 22 9 90 54 70 67 3 76 2 36 83 68 94 34 10 91 19 99 23 65 65 83 85 61 54 39 22 9 75 36 11 93 75 65 17 7 84 26 80 10 32 4 64 5 29 7 56 19 42 20 67 5 58 96 25 65 42 47 79 48 16 46 52 60 22 76 20 90 74 43 46 12 74 91 51 20 96 56 84 84 38 33 20 15 38 98 30 4 63 40 25 68 6 98 50 8 60 16 45 99 28 82 89 27 81 59 4 96 65 82 39 58 15 83 97 64 6 42 36 1 75 73 11 38 68 35 13 79 15 61 63 35 71 4 50 64 89 34 48 39 78 48 99 73 28 51 62 7 2 78 48 18 32 86 45 92 20 1 29 2 34 97 50 89 1 82 53 1 44 58 20 47 18 67 36 21 1 89 13 31 84 54 36 53 4 68 43 73 69 20 69 11 96 93 87 79 55 75 46 71 67 27 35 26 79 4 4 80 100 65 32 29 20 77 79 92 56 43 77 98 16 26 98 14 79 99 8 88 26 65 24 51 28 41 58 50 22 90 73 17 9 73 35 42 46 27 41 36 32 1 72 59 84 25 90 71 23 48 96 79 18 61 31 5 4 46 84 92 49 65 32 79 5 86 27 53 22 5 23 32 17 89 27 77 97 28 37 95 67 79 29 76 98 75 12 53 56 57 74 89 46 67 50 65 70 70 11 23 76 1 34 43 39 56 1 15 45 46 35 35 85 38 65 51 90 17 36 10 21 87 85 32 23 43 91 73 43 73 65 29 52 9 94 30 81 62 79 67 88 76 100 5 75 59 60 2 61 79 50 94 30 8 43 80 83 32 70 73 25 12 7 23 13 55 13 14 21 89 88 57 56 13 62 10 20 2 89 76 80 80 82 30 49 28 14 15 92 57 68 17 83 53 63 87 62 12 42 82 75 76 91 34 86 35 12 78 37 53 88 99 27 40 47 95 46 83 99 19 32 45 2 85 40 78 68 13 94 50 13 57 56 45 5 38 77 91 10 70 26 19 42 25 55 29 92 31 73 82 73 89 87 70 9 60 2 43 38 69 64 61 25 38 85 68 51 5 9 54 16 84 3 81 87 28 35 83 78 87 15 32 23 80 76 58 9 20 74 9 89 89 19 6 60 12 31 16 24 99 20 52 32 59 95 43 87 28 71 83 63 48 49 57 81 52 45 31 92 90 19 1 30 88 90 93 72 86 1 76 96 51 78 90 21 93 52 91 21 91 38 68 60 22 63 34 69 2 84 31 45 58 41 18 25 95 6 80 1 99 2 85 70 35 47 90 65 53 19 25 28 46 89 50 83 20 88 66 90 28 83 61 97 97 38 96 14 58 78 59 52 31 61 2 35 17 61 83 68 38 73 56 58 72 29 87 11 59 53 27 14 13 3 62 71 99 11 7 59 77 49 73 94 1 83 96 48 43 9 70 88 95 10 47 60 4 2 23 1 59 48 65 72 7 58 87 42 68 48 31 49 70 72 86 40 62 2 18 27 79 92 57 55 94 63 60 3 52 78 54 68 67 16 35 34 45 87 95 52 85 89 90 100 58 77 35 44 77 67 42 4 49 47 68 42 17 27 2 93 89 30 35 75 30 17 37 82 41 45 98 71 59 4 98 64 41 48 86 34 63 72 6 78 8 50 62 25 9 2 15 1 51 3 8 73 92 88 70 99 38 68 84 55 74 65 75 93 29 5 61 24 51 89 93 20 3 61 34 11 76 95 44 8 76 41 75 15 56 50 3 55 57 67 27 80 99 62 69 27 16 79 68 7 1 64 78 82 42 92 42 22 83 86 2 34 20 52 56 55 34 50 19 61 67 63 59 86 5 46 59 59 94 97 81 10 51 6 66 83 64 94 67 66 1 90 74 44 75 64 44 17 93 56 62 76 65 51 48 93 90 15 100 21 97 56 16 43 43 84 43 55 16 40 91 29 75 46 51 13 29 51 48 55 38 45 33 42 76 66 94 21 25 12 39 67 73 44 85 97 34 58 91 7 98 72 4 79 37 61 80 41 56 48 16 30 11 88 37 64 81 49 69 38 45 33 74 85 9 15 35 37 94 63 36 33 17 86 32 21 12 97 100 40 43 68 80 86 18 91 56 54 84 48 100 4 18 88 4 66 73 100 44 61 38 64 38 27 34 25 4 69 38 32 60 12 68 93 1 56 43 83 47 64 76
63
